2920 2629
2880 2920
4412 4557
4710 4571
5785 5911
5911 6130
8230 8347
8230 8575
198 89
825 812
776 812
701 776
831 989
640 1003
695 564
523 527
358 448
1186 1159
474 660
868 930
747 657
372 619
348 423
997 1055
1339 1472
1307 1472
1933 1860
2068 2169
2225 2058
2225 2095
2225 2141
2225 2117
2382 2232
2232 2375
1911 1951
1958 2343
1953 1826
1966 1953
1953 1788
2493 2586
2674 2739
2586 2501
3222 3161
3114 3144
3074 4104
3391 3724
4412 4397
4525 4615
4557 4412
4412 4397
4922 4838
4605 4922
5218 5191
5462 5402
5402 5242
5402 5296
5576 5622
5516 5537
6081 6061
6081 6087
6265 6407
6407 5970
6407 6063
7176 6675
6779 6812
7593 7528
7446 7633
7577 7633
7485 7549
8268 8277
7822 7703
7764 7822
9087 8802
9118 9102
9565 9731
10237 10235
10236 10237
9866 9808
9808 9903
10785 10683
10785 10830
10785 10302
10255 10106
10014 10391
10450 10734
10597 10692
10584 10566
10591 10680
105840 10672
10584 10672
10584 10566
10591 10680
10591 10584
9910 10166
9962 10166
10461 10533
10997 10957
11331 11029
11331 10798
11068 11105
11106 11229
11068 11097
11097 11361
11068 11105
11106 11229
11068 11097
11097 11361
10884 10807
9737 9643
9751 9737
11329 11358
10226 10540
9381 9686
11666 11948
12139 11983
11983 11969
11936 11969
11936 11944
11716 11778
11804 12156
12262 12302
12182 12262
11871 12262
12262 11555
11856 11647
11856 11910
11647 12572
12818 12596
12836 12814
12515 12391
12813 12970
12731 12927
13952 13928
13856 13935
13856 13788
13788 13736
13736 13687
13936 13946
14031 14032
13880 14130
14130 13745
2112 2302
2360 2302
2571 2302
3365 3391
3488 3391
2310 2278
1492 1491
11871 12060
7269 7184
7184 6956
7184 6910
7184 6910
7184 6877
7184 6837
7184 6781
11120 11487
11519 11487
11441 11487
11533 11487
11541 11533
