4562
693
683
553
477
469
747
4407
4213
4248
4297
4373
4481
4517
4582
4632
4766
4684
5946
6323
6814
6308
6237
6399
6238
6507
6875
6656
7671
7663
7639
6892
7093
7507
8055
6651
8477
8781
8760
7900
9087
9118
9073
9006
8981
9725
9736
9715
9746
9716
9764
9692
9335
9354
9280
9154
9138
10427
10434
1054
10584
10591
10672
10704
10632
10384
10293
10479
10470
10398
11562
11292
1141
10058
9381
10226
9727
8790
10942
11247
11138
11672
11569
11558
12601
12322
12535
13522
13252
13154
           1
           4
           8
          15
          23
          27
          32
          33
          62
          89
         210
         235
         323
         341
         474
         513
         646
         776
         834
         846
         895
         925
         944
         958
         973
        1009
        1042
        1060
        1064
        1092
        1122
        1138
        1232
        1262
        1294
        1339
        1341
        1384
        1457
        1528
        1535
        1561
        1608
        1632
        1641
        1673
        1695
        1739
        1746
        1777
        1778
        1827
        1855
        1933
        1952
        2039
        2048
        2270
        2352
        2365
        2424
        2451
        2472
        2532
        2536
        2604
        2710
        2794
        2802
        2812
        2815
        2871
        2920
        2934
        2990
        3115
        3169
        3203
        3275
        3280
        3303
        3313
        3316
        3321
        3322
        3325
        3371
        3420
        3442
        3453
        3573
        3766
        3792
        3846
        3856
        3872
        4002
        4021
        4033
        4037
        4059
        4068
        4076
        4082
        4124
        4412
        4427
        4522
        4571
        4619
        4790
        4836
        4850
        4893
        4905
        4947
        4994
        5003
        5008
        5034
        5066
        5122
        5129
        5174
        5192
        5209
        5222
        5224
        5271
        5273
        5280
        5281
        5284
        5323
        5352
        5360
        5362
        5387
        5394
        5402
        5420
        5472
        5489
        5546
        5554
        5568
        5577
        5619
        5622
        5650
        5659
        5670
        5688
        5752
        5788
        5805
        5819
        5828
        5862
        5882
        5911
        5961
        6048
        6060
        6061
        6080
        6095
        6110
        6111
        6139
        6144
        6162
        6170
        6176
        6183
        6187
        6232
        6263
        6301
        6324
        6357
        6451
        6460
        6483
        6578
        6587
        6656
        6687
        6700
        6707
        6740
        6746
        6769
        6779
        6812
        6875
        6938
        7005
        7095
        7116
        7144
        7191
        7254
        7263
        7268
        7293
        7300
        7320
        7358
        7450
        7480
        7520
        7533
        7634
        7637
        7658
        7668
        7714
        7746
        7840
        7857
        7880
        7902
        7918
        8002
        8056
        8066
        8104
        8159
        8168
        8268
        8335
        8347
        8623
        8624
        8865
        9034
        9120
        9171
        9290
        9342
        9384
        9472
        9488
        9556
        9652
        9662
        9731
        9795
        9799
        9872
        9873
        9920
        9931
        9946
        9958
        9971
        9978
        9981
        9995
       10010
       10028
       10075
       10084
       10103
       10131
       10144
       10146
       10147
       10151
       10190
       10209
       10248
       10294
       10322
       10341
       10348
       10353
       10354
       10368
       10375
       10409
       10414
       10415
       10426
       10450
       10461
       10523
       10546
       10553
       10574
       10595
       10604
       10734
       10749
       10777
       10794
       10798
       10813
       10877
       10926
       10961
       10970
       11017
       11029
       11035
       11060
       11097
       11105
       11106
       11144
       11237
       11271
       11273
       11278
       11284
       11316
       11374
       11378
       11383
       11384
       11417
       11422
       11523
       11524
       11536
       11556
       11597
       11614
       11616
       11648
       11666
       11667
       11671
       11692
       11709
       11750
       11768
       11769
       11783
       11797
       11844
       11858
       11938
       11975
       11985
       11994
       11995
       12002
       12021
       12022
       12023
       12026
       12037
       12043
       12107
       12120
       12237
       12260
       12262
       12307
       12308
       12324
       12354
       12361
       12442
       12446
       12449
       12468
       12580
       12669
       12812
       12813
       12814
       12830
       12839
       13083
       13091
       13112
       13205
       13294
       13307
       13335
       13349
       13384
       13394
       13408
       13409
       13410
       13411
       13417
       13424
       13458
       13496
       13680
       13687
       13695
       13698
       13699
       13736
       13770
       13788
       13812
       13856
       13880
       13933
       13957
       13985
       13988
       14011
       14018
       14079
       14080
2014
1788
1852
1826
1886
1966
1834
1738
1710
2501
2406
2325
2222
2302
3161
3104
3794
3313
4050
4051
4011
5250
5351
5402
5779
5577
5554
5546
9079
10591
10632
10547
9910
9962
11666
12023
11667
11614
11497
11490
11675
11750
12814
12399
12434
2516
13112
4169
