734
1018
1055
828
580
2528
2106
2054
1696
1400
1255
1254
4569
3913
3914
5720
5186
8298
11975
10036
11582
11499
11274
11777
11705
2287
3273
12731
11715
15418
18369
21943
20297
20160
20384
19871
20872
20312
24367
27229
28563
27579
26997
27217
30470
28408
28426
28750
31797
31791
31691
29354
34802
33354
34949
36378
36486
14920
17378
18111
18530
18877
18324
18028
18189
18093
20852
20856
20206
809
1168
815
942
1378
1369
1643
1592
2199
2186
2188
2132
531
1335
1131
1232
3319
3390
2623
5188
6051
5136
8441
10478
11057
11623
11627
13351
15284
15282
17451
17192
15959
19782
19354
19156
19369
20058
17725
20171
20356
16822
16028
25351
25347
27075
27078
27077
27191
27189
27088
27090
27092
27406
27251
29034
28568
28184
28027
28211
31559
31391
31086
30831
32127
25384
29601
29249
29187
27948
27756
36243
35505
33543
10826
11578
12033
11242
18451
15662
14355
14501
17667
19059
18546
26820
26579
30656
32020
34776
34701
8482
9057
9058
10821
11578
11242
15662
61
257
238
387
239
390
505
547
669
850
899
917
1230
532
766
928
929
990
1112
835
892
1146
612
1716
1808
686
832
1135
1642
2002
775
1349
2974
1078
2123
2135
2161
2293
2362
2942
1740
2395
2449
3038
3145
1579
1789
3164
3842
1428
1449
3459
3089
2757
3012
2868
2871
2959
4240
5134
3174
3858
4729
4978
4219
4506
4611
4781
4824
5098
5260
5261
5312
4326
4526
5502
5670
3372
3373
4595
5396
4136
4626
4349
5320
4716
4888
5021
4717
5105
5326
4889
5622
5181
5717
5094
5851
5854
5855
5885
5970
5693
6008
6324
6461
6463
4499
4718
4719
5869
5887
6387
6449
6567
6814
6980
5026
5513
6611
6628
6680
6902
5915
7402
7533
4619
4684
5836
7507
6530
6912
7075
5535
7126
7598
7408
7595
8457
8477
7756
7233
7766
9134
9986
7038
7703
7881
9812
10180
10347
8922
7720
7871
9431
9549
7955
9121
9351
10011
9708
10704
9800
8753
8969
8781
8556
9017
9714
9996
8021
8024
8342
8779
8998
9265
9745
9939
9940
10050
10605
9943
9995
10607
9834
10118
10330
11920
10916
11761
12791
12893
12476
12645
10891
11107
12877
10615
11493
10699
12621
13132
12006
13530
13798
11881
12279
12652
12975
13253
13376
13436
13437
13513
13527
13559
13560
10638
10862
10864
11326
11508
12623
12766
12954
13492
13496
11082
11373
12864
13584
13491
14135
12162
12028
12103
12400
11966
12027
12514
12516
12518
13965
10318
10471
10719
10720
11156
11205
11206
11248
11262
11752
11754
11797
11813
12064
12235
12694
13242
12754
13257
12756
13260
13884
13885
12176
12759
13754
14074
14076
13363
14593
14597
14936
13651
13992
14340
13600
14477
12337
12339
12512
13162
14787
13122
13159
14152
14352
14535
14573
14302
15097
14365
14250
14402
14761
15708
15710
15448
15891
15575
15556
15899
15406
16177
16225
16263
16332
16262
16536
15636
14264
14265
14233
14541
15045
15047
15631
15755
16629
16215
16153
16196
16155
16209
17337
16359
17753
16596
16597
17052
17296
17730
17298
17592
17856
17300
17858
18207
16908
16910
16922
16930
16934
17291
17293
16841
17055
17135
17489
18613
18556
16994
17137
16792
17567
17167
17711
17866
17868
17811
17922
17994
18357
18711
18712
17778
18691
18856
17360
13686
14237
14244
16962
18515
17161
16967
18055
18580
19441
18087
19194
18153
18154
18946
18354
19355
19902
19404
19957
20070
17666
17716
18933
19061
19062
17762
17764
18106
18931
18978
18979
19095
20125
18522
19038
19072
18504
18624
18757
18598
18781
19451
19725
18458
18501
18547
19790
19791
19788
19840
19869
19945
21220
19700
21738
21338
20276
21470
21681
22072
19560
19744
22519
20436
22429
22859
20765
21086
21613
22131
22295
22337
22551
22649
22660
22361
22875
20877
21571
22102
22806
21381
19501
19579
21006
22904
23610
23743
20449
23739
21666
23808
23998
22540
19090
19595
20400
20402
21653
21939
23429
23530
24012
24014
21834
22426
21996
22682
22787
24086
24088
22572
22606
22766
22767
22818
23869
21598
24350
24879
24725
22586
24476
24256
24777
25213
24989
24270
23898
23977
25515
24972
25325
25326
25490
26608
23242
23390
23391
24391
24514
26072
26264
26331
23535
23674
23255
24028
23672
23787
24208
24093
24720
24978
25693
24393
26087
26402
26267
26505
26111
26184
26487
26491
26788
26791
27020
27047
27464
26178
26181
26396
26397
26113
26183
26702
26945
27465
27461
27466
26509
26555
26556
25317
25616
28124
27404
26796
27915
26437
26359
26468
26499
26597
27057
28228
28230
27027
26848
27748
28003
26925
27502
28049
28050
28522
24046
24049
27017
25382
27473
28200
27760
26454
27570
27334
28094
28096
28272
27927
28810
29359
29095
28040
27352
29720
29990
29145
30033
30067
30237
30048
30383
29442
29797
29864
29009
28582
29499
29625
31065
31445
30206
28657
30387
30967
31338
29103
30532
29526
29713
31569
32671
32106
30648
32244
32303
32488
32583
32527
33146
33044
33046
32623
33070
33112
33311
33519
33704
32436
31860
32157
33557
33401
33498
34411
34023
34539
34669
32684
34941
34805
35579
32789
32868
32994
33097
33098
33917
34858
35004
35391
34446
34549
35046
35410
34892
35069
35274
35068
35260
35407
34466
34911
35798
35709
34745
35467
33191
35034
35236
35402
35341
35842
1644
2987
3031
2949
2484
2762
1644
2987
3031
2949
2484
2762
6613
7781
7784
7785
7789
8393
8412
8512
8692
8693
8744
8896
8897
9032
9368
6174
6813
6852
8608
8611
8715
5983
7101
7131
7139
7132
7216
7141
7245
7247
8279
10998
7553
8724
10420
7554
7220
7300
9243
12327
23888
24199
23183
25212
25300
25303
24131
24587
24662
20406
21710
20059
20213
19477
20093
21497
21493
21814
22001
22101
22315
22581
22739
22739
22584
22739
22739
22739
29885
31708
32838
32132
32429
1644
2987
3031
2949
2484
2762
7781
7784
7785
7789
8393
8412
8512
8692
8693
8744
8896
8897
9032
9368
6174
6813
6852
8608
8611
8715
5983
7101
7131
7139
7132
7216
7141
7245
7247
8279
10998
7553
8724
10420
7554
7220
7300
9243
12327
23888
24199
23183
25212
25300
25303
24131
24587
24662
20406
21710
20059
20213
19477
20093
21497
21493
21814
22001
22101
22315
22581
22739
22739
22584
22739
22739
22739
1644
2987
3031
2949
2484
2762
7781
7784
7785
7789
8393
8412
8512
8692
8693
8744
8896
8897
9032
9368
6174
6813
6852
8608
8611
8715
5983
7101
7131
7139
7132
7216
7141
7245
7247
8279
10998
7553
8724
10420
7554
7220
7300
9243
12327
23888
24199
23183
25212
25300
25303
24131
24587
24662
20406
21710
20059
20213
19477
20093
21497
21493
21814
22001
22101
22315
22581
22739
22739
22584
22739
22739
22739
31708
32838
32132
32429
35572
35573
36284
36292
36293
33250
33292
33705
33733
33739
33966
34329
34596
34630
35047
35277
35564
35850
35904
35316
36545
36824
35576
36614
36584
36708
36710
35499
35848
36340
36381
36622
36624
37083
35864
35865
35896
36113
36182
36147
36363
36407
37087
37088
36978
36590
36874
36876
36716
36789
36479
36481
3826
23120
23120
23120
23120
23120
23076
23120
23120
23120
23120
23120
23120
23120
23120
23120
23120
23120
23120
22822
29041
28870
35140
3826
23120
23120
23120
23120
23120
23076
23120
23120
23120
23120
23120
23120
23120
23120
23120
23120
23120
23120
22822
35140
5086
14350
18285
18286
22031
23162
23162
23162
23162
23162
23162
23162
23162
23162
23162
23162
23162
23162
23162
23162
23162
23162
23162
36543
