1082 1142
1142 1564
3211 3059
10559 10738
10282 10738
920 90
920 969
920 1589
1291 1589
1078 1208
1098 1208
1277 1289
2409 2382
2213 2190
2124 2139
1940 1804
1821 1939
3142 3322
5231 5345
5231 5620
5825 5767
6812 6794
6794 6729
6664 6687
7859 8311
9518 9402
8602 8660
10646 10856
1660 1676
1660 1713
1892 1713
1892 1719
1786 1743
1892 1743
3625 3591
3638 3591
3625 3690
3662 3690
3796 3690
3651 3591
3609 3602
3380 3602
3406 3602
3413 3602
3423 3602
3372 3602
3373 3602
3537 3433
3537 3459
3537 3495
3537 3592
3388 3446
3499 3446
3499 3545
3499 3583
3590 3583
4386 3602
4242 3623
3590 3624
3691 3690
3717 3690
3718 3690
3753 3690
4048 3690
4127 3690
4242 3690
4386 3719
4386 3956
4386 4224
4386 4334
4386 4353
4118 3745
4996 5335
5012 5052
5012 5335
5073 5072
5073 5130
5073 5335
5160 5072
5160 5130
5177 5347
5189 5347
5203 5347
5279 5130
5279 5335
5279 5347
5304 5335
5304 5347
5304 5481
5477 5431
5477 5458
5477 5481
5519 5405
5519 5472
5519 5599
5519 5666
5515 5688
5519 5688
5531 5688
5539 5688
5681 5603
4388 4537
5796 6382
6708 6715
6714 6794
6729 6794
6730 6794
6708 6995
6714 6995
6616 6627
6616 6696
6570 6609
6570 6627
6520 6609
6698 6585
6698 6697
6832 6847
6760 6675
6760 6697
6749 6847
6760 6847
6749 7279
6760 7279
6716 6697
7743 7544
7743 7568
7743 7569
7706 7678
7743 7678
7749 7678
7749 7754
7887 7754
7888 7754
7888 7759
7888 7760
7888 7778
9421 9366
9421 9398
9656 9839
9724 9839
9870 9839
9870 9931
11129 11232
11242 11232
11248 11232
11545 11397
11545 11398
11545 11419
11545 11486
11545 11537
11545 11538
11580 11340
11422 11355
11704 11355
11580 11356
11580 11366
11704 11366
11422 11389
11704 11389
11704 11399
11704 11400
11704 11421
11783 11421
11546 11477
11783 11477
11783 11492
11783 11538
10665 10502
10665 10539
10683 10561
10665 10562
10683 10562
10609 10575
10683 10575
10724 10575
10665 10610
10665 10611
10665 10692
10747 10717
10747 10780
10789 10780
10863 10780
10789 10775
10863 10775
10665 10824
10683 10824
10724 10824
10813 10824
10848 10824
10863 10824
10881 10824
10939 10824
10983 10824
11008 10824
11065 10824
11252 10824
11352 10824
10881 10834
10927 10834
10939 10834
11137 10834
10765 10718
11077 10718
11109 10718
11166 10718
11718 11188
11638 11577
11718 11577
11718 11611
11638 11765
11718 11765
11638 11620
10566 10581
10566 10677
10462 10677
11659 11683
11715 11683
11725 11683
11725 11695
12255 11826
12255 11866
12255 11916
12255 11989
12255 12101
12175 12139
12175 12146
12692 12146
12255 12254
12236 12336
12692 12336
12726 12383
12692 12451
12726 12451
12726 12482
12255 12299
12311 12299
12590 12299
12626 12299
12692 12299
12589 12660
12625 12660
12626 12660
12692 12660
10968 10761
10583 10605
10556 10856
10583 10856
10646 10856
10968 10856
11660 10856
11224 10885
10556 10726
10572 10837
10762 10837
10818 10837
10556 10484
10466 10448
10556 10448
10572 10448
10968 10851
11001 10875
11224 10875
11224 10931
11224 10946
10572 10290
10230 10279
10555 10279
11104 10279
11583 10279
11660 10279
10555 10322
11371 10322
11371 10260
11583 10260
11427 11468
11435 11468
11923 11468
13110 12985
13110 12986
13110 13165
13209 13043
13209 13044
13180 13061
13209 13061
13180 13076
13180 13085
13155 13123
13155 13165
12613 12631
12613 12745
12712 12598
12712 12745
12712 12791
12712 12806
12647 12478
12647 12506
12647 12586
12647 12598
12647 12631
12647 12632
12647 12701
12647 12745
12647 13076
12263 12070
12263 12203
12263 12261
12263 12262
12263 12462
12285 12070
12264 12462
12285 12462
12276 12070
12276 12071
12276 12330
12276 12462
12276 13099
12028 12039
12028 12261
14467 14566
14825 14566
14560 14631
14825 14631
14825 14650
14825 14689
14825 14734
14825 14957
15021 14957
15021 14962
15021 15083
15107 15083
14401 14468
14419 14468
14467 14468
14467 14517
14363 14382
14401 14382
14363 14374
256 273
150 188
273 188
273 255
273 275
150 137
222 276
122 259
122 276
95 259
84 259
440 471
478 471
477 471
125 366
125 454
764 628
764 733
791 733
791 759
751 768
1004 1062
903 1062
1132 1078
1046 1098
1056 1098
1063 1098
1099 1098
1132 1098
1099 1147
1132 1147
1132 1240
1031 1085
1064 1085
1064 1240
1072 1085
1072 1240
1132 1078
1046 1098
1056 1098
1063 1098
1099 1098
1132 1098
1099 1147
1132 1147
1132 1240
1096 1078
512 642
518 642
513 642
315 303
315 642
349 642
556 642
1322 1318
1322 1323
1328 1382
1423 1382
1289 1313
1328 1313
1092 1049
1092 1097
1092 1180
1120 1019
1120 1020
1120 1028
1120 1049
1120 1176
1140 1176
1140 1180
1140 1194
1034 1028
1034 1049
900 941
900 1213
1176 1213
1222 1213
1222 1229
1361 1229
1361 1276
1368 1361
910 900
949 891
949 900
949 901
949 924
976 949
1372 1260
1260 1219
1107 1260
1528 1495
1341 1259
1341 1478
1358 1402
1358 1478
1528 1494
1528 1495
904 920
904 1589
1807 1541
1665 1628
1807 1628
1641 1628
1746 1628
1746 1642
1746 1670
1395 1396
1395 1443
1395 1467
750 812
780 812
785 812
869 812
869 854
1550 1554
1550 1568
1556 1533
1914 1873
1914 1874
1914 1893
1914 1904
1600 1684
1433 1684
1470 1684
1514 1684
1586 1684
1594 1684
1769 1740
1769 1762
1769 1811
2275 2179
2275 2284
2088 2275
2147 2275
2225 2275
2295 2275
2475 1954
2475 1955
2082 2192
2161 2192
2475 2192
2362 2396
2475 2396
1577 1682
1683 1682
1907 1682
1497 1438
1516 1438
1516 1648
1574 1648
1574 1761
1587 1761
2079 1960
2079 1969
2079 2054
2079 2107
2079 2122
2037 1964
2037 2122
1392 1431
1406 1431
1392 1842
1489 1431
1489 1482
1489 1535
1489 1842
1515 1535
1911 1948
1911 2236
1906 1948
2138 2357
2248 2357
2267 2357
2338 2357
1981 1941
1981 1994
1981 2124
2008 1940
2008 1989
2008 1994
2008 2124
2008 2139
1767 1821
1896 1821
1896 1940
1928 1941
1837 2124
1889 2124
1928 2124
1820 1804
1820 1853
1820 1940
1717 1821
1718 1821
1702 2124
1703 2124
2746 2603
2746 2633
2746 2690
2746 2750
1633 1095
1633 1184
3059 2695
3059 3122
3071 3122
3123 3122
3230 3122
2760 2695
2719 2695
2986 3059
3044 3059
2872 3059
2952 3059
2987 3059
2952 2893
2915 2935
2915 2829
2795 2503
2714 2812
3057 2812
2933 2904
3057 2904
2933 3036
2934 3036
2980 3036
3057 3036
3057 3056
3098 3056
3098 3114
3098 3217
3287 3217
3210 3217
2609 2812
2610 2526
2591 2812
2610 2812
2506 2503
2506 2526
3613 3476
3613 3604
3580 3613
2975 3119
3048 3119
3048 3471
3025 3119
3739 3778
3994 3715
3994 3794
3994 3993
4405 4210
4405 4305
4521 4305
