414
545
956
765
843
1188
1389
1538
765
843
2680
2594
2690
2683
783
1186
1092
3196
3491
3293
3048
3025
2536
7952
8476
6936
6779
7159
7467
33104
34330
34324
9521
9739
9924
9104
12673
12715
12771
12392
11775
11838
12619
12875
13545
13670
14293
16542
15794
15790
19732
20160
20378
20156
18668
18970
19028
19455
19905
20281
18382
21856
21670
21668
19408
19380
19276
19543
18745
18547
18468
21656
21887
20775
21237
21560
21665
22105
29366
30975
30386
30208
30164
30140
30979
30415
30631
34150
34330
34324
33104
37995
37901
37913
34654
34707
34544
34481
40008
40013
2022
1841
1977
2713
1336
1341
1316
1340
6515
6164
5589
5416
5567
5568
5538
5217
8112
