294
402
420
438
413
1258
1152
1070
1725
1718
1956
2148
2342
3159
3225
267
2098
1897
2371
496
774
724
728
769
834
1028
961
993
983
1014
1298
1196
1328
1337
1591
1801
1559
1578
1996
2281
2637
2599
2846
2863
3176
3224
3217
3399
3347
3401
496
774
724
728
769
834
1028
961
993
983
1014
1298
1196
1328
1337
1450
1565
1591
1801
1559
1578
1996
2281
2637
2599
2846
2863
3176
3224
3217
3399
3347
3401
496
774
724
728
769
834
1028
961
993
983
1014
1298
1196
1328
1337
1450
1565
1591
1801
1559
1578
1996
2281
2637
2599
2846
2863
3176
3224
3217
3399
3347
3401
496
774
724
728
769
834
1028
961
993
983
1014
1298
1196
1328
1337
1450
1565
1591
1801
1559
1578
1996
2281
2637
2599
2846
2863
3176
3224
3217
3399
3347
3401
496
774
724
728
769
834
1028
961
993
983
1014
1298
1196
1328
1337
1450
1565
1591
1801
1559
1578
1996
2281
2637
2599
2846
2863
3176
3224
3217
3399
3347
3401
450
448
445
446
435
937
2518