590
794
543
632
766
770
1105
717
489
654
776
777
980
1176
688
582
3606
3803
3546
4014
4422
4477
4481
5324
3619
6792
7710
7713
8514
9528
9934
9978
9977
1962
4717
4892
5013
6528
6632
6434
7024
8271
8333
8076
10644
9970
11244
11952
11899
447
731
874
627
379
822
1696
1741
6618
7020
8866
10271
10024
10581
11844
11842
11847
11812
2236
9774
1336
1473
3312
187
100
172
815
829
834
857
1180
1134
793
1385
1613
2109
2154
1952
2098
2459
2857
2889
2525
2528
3061
3171
3716
3821
3831
3278
4058
3848
3954
3955
4068
4202
4424
3487
3491
3672
3673
4597
4013
4369
4536
4746
4747
4488
4822
5052
5222
5267
5295
4809
4810
4910
5026
5252
5360
5563
5517
5637
5545
5599
4619
5528
5601
5752
5792
5858
5408
5933
6127
5402
5907
6123
6056
5887
6335
6447
6448
6410
6411
6072
6202
6431
6444
6417
6512
6513
7032
7140
7089
7260
7277
7447
7107
7665
7698
8146
8109
8223
7832
7794
7865
8306
8505
7805
7930
8341
7546
7607
7690
7755
7896
7852
8777
8954
8818
9008
9258
9191
9253
8667
9608
9610
9425
9712
9586
9910
3596
9813
10229
10514
10603
9946
10568
10689
10709
10161
10162
10393
10488
10490
10724
10213
10323
10493
9800
10755
11116
11117
10682
10911
11031
10667
10799
10902
11333
10743
11362
11599
11159
11395
11639
11640
11092
11559
11637
11655
11673
11849
11940
11826
12218
11643
12116
11795
11928
12024
12092
12196
2283
5547
6347
6799
7510
7508
9564
9575
10410
10420
10164
11523
12156
9566
5789
9995
9679
1283
2152
6462
11242
11300
