5335 4772
6374 6603
7762 7846
6797 7041
12606 12789
12789 12509
12509 12333
503 396
734 396
734 421
503 522
573 522
734 604
734 635
734 652
734 824
810 652
810 824
91 149
741 740
1040 740
1040 758
741 1041
1040 1041
756 1192
895 1192
1221 1192
1531 1279
1531 1651
1608 1620
1608 1688
1648 1688
1648 1907
1703 1907
1995 1907
3117 3065
3117 3107
3697 3234
3697 3306
3487 4166
3697 4166
3820 4166
4015 4166
4143 4166
4747 4166
4747 4221
4747 4437
4318 4469
4468 4469
4747 4469
4496 4888
4503 4888
4530 4888
4678 4888
6223 6479
6742 6757
7338 7534
7431 7534
7533 7534
11168 11151
11210 11151
10915 11252
10979 11252
11006 11252
11039 11252
11163 11252
11170 11274
11163 11295
11163 11303
11201 11164
11352 11433
11352 11229
9755 9891
9787 9891
9861 9891
9883 9891
10265 9891
12374 12304
12465 12530
1730 1740
1691 1572
1691 1645
1691 1740
1729 1740
11021 11321
9853 9888
9100 9417
9131 9417
9378 9417
9206 8486
9206 8664
9206 8695
9206 8947
1711 2251
9573 9396
9876 10100
