        2550
        2551
        2497
        2403
        1921
        1971
        5385
        5086
        5260
        5190
        5431
        4548
        4626
        5313
        4574
        4611
        4608
        4682
        4737
        4778
        4780
        4806
        5286
        8507
        6173
        7125
        7449
       10248
       10528
       13419
       12894
       12799
       12742
       11234
       11294
       11412
       11435
       11410
       14121
       14022
       13977
       15528
       16106
       14204
       14315
       14131
       13866
       13716
       13390
       14536
       13439
       12756
       12266
       14374
       14713
       14782
       14796
       15222
       15542
       15678
       15680
       15791
       15821
       15030
       14302
       14327
       13954
       13868
       13936
       15098
       14873
       14458
       14520
       14352
       16392
       17995
       16303
       16899
       16956
       12158
       12143
       12146
       12106
       12147
       12029
       12063
       13216
       14708
       14659
       14777
       14809
       15239
       17538
       20972
       21391
       21244
       21814
       21813
       21389
       24868
       25142
       25071
       25140
       25048
       26130
       26223
       26480
       26225
       26229
       25094
       28251
       28293
       28826
       28880
       29280
       27982
       27978
       29674
       30458
       27747
       27253
       27254
       27255
       26832
       26747
       26622
       26469
       31591
       32420
       29512
       29940
       29939
       29941
       29962
       30119
       28976
       29167
         821
        7595
        7654
        7658
        8103
        8207
        7311
        7735
        7329
        7524
        8017
       11997
       11925
       12131
       11928
       11861
       11620
       11595
       10336
       10190
        9453
       15027
       13520
       13535
       14288
       14290
       12796
       14481
       14698
       14916
       15120
       19390
       19573
       19587
       23931
       25333
       26299
       25787
       26153
       26613
       24346
       24334
       29710
       28320
       11997
       12133
       11925
       12131
       11928
       11861
       11620
       11595
       31129
       31130
       31127
       31178
       30491
       31359
       31712
       32391
       18908
       19023
       19334
       19664
       19405
       19423
       19443
        8198
        8326
        8466
        8604
        8581
        8603
        8604
        8595
       16832
       30205
       30066
       30194
       30052
       30871
       31088
       28589
       26418
       26420
       26810
        8596
       24434
       24433
       25582
       22334
       22457
       22827
       26477
       22064
       22066
       22085
       10727
        1127
         733
        1554
         955
        2008
        1891
        2435
        2072
        2240
        1926
        2465
        2630
        2954
         868
        1051
        1253
        1312
        1316
        2702
        2875
        2622
        2915
        3022
        2807
        3262
        1127
         733
        1554
         955
        2008
        1891
        2435
        2072
        2240
        1926
        2465
        2630
        2954
         868
        1051
        1253
        1312
        1316
        2702
        2875
        2622
        2915
        3022
        2807
        3262
        1127
         733
        1554
         955
        2008
        1891
        2435
        2072
        2240
        1926
        2465
        2630
        2954
         868
        1051
        1253
        1312
        1316
        2702
        2875
        2622
        2915
        3022
        2807
        3262
        1127
         733
        1554
         955
        2008
        1891
        2435
        2072
        2240
        1926
        2465
        2630
        2954
         868
        1051
        1253
        1312
        1316
        2702
        2875
        2622
        2915
        3022
        2807
        3262
        1127
         733
        1554
         955
        2008
        1891
        2435
        2072
        2240
        1489
        1697
        1926
        2465
        2630
        2954
         868
        1051
        1253
        1312
        1316
        2702
        2875
        2622
        2915
        3022
        2807
        3262
        1127
         733
        1554
         955
        2008
        1891
        2435
        2072
        2240
        1489
        1697
        1926
        2465
        2630
        2954
         868
        1051
        1253
        1312
        1316
        2702
        2875
        2622
        2915
        3022
        2807
        3262
        1127
         733
        1554
         955
        2008
        1891
        2435
        2072
        2240
        1489
        1697
        1926
        2465
        2630
        2954
         868
        1051
        1253
        1312
        1316
        2702
        2875
        2622
        2915
        3022
        2807
        3262
        1127
         733
        1554
         955
        2008
        1891
        2435
        2072
        2240
        1489
        1697
        1926
        2465
        2630
        2954
         868
        1051
        1253
        1312
        1316
        2702
        2875
        2622
        2915
        3022
        2807
        3262
         956
         956
         956
         956
         455
         462
         590
        3685
        2793
        3211
        3386
        3682
        3178
        3669
        1515
        1727
        1463
        1772
        1961
        2232
        1515
        1727
        1463
        1772
        1961
        2232
        1515
        1727
        1463
        1772
        1961
        2232
        1515
        1727
        1463
        1772
        1961
        2232
        1515
        1727
        1446
        1463
        1772
        1961
        2232
         591
        1515
        1727
        1446
        1463
        1772
        1961
        2232
         591
        1515
        1727
        1446
        1463
        1772
        1961
        2232
         591
        2884
        2794
        3303
        2576
         850
         937
        1471
        1844
        1859
        1873
        2370
        2452
        3304
         850
         937
        1471
        1844
        1859
        1873
        1862
        2370
        2452
        3304
        2316
        3448
        3373
        4019
        3906
        4105
        3172
        3515
        3644
        3975
        3929
        4472
        4064
        5005
        4601
        4637
        3475
        4021
        4316
        3967
        4597
        5327
        5435
        4585
        5237
        4564
        4906
        4947
        5368
        5503
        5511
        5736
        5886
        5933
        5514
        5569
        5462
        5583
         850
         937
        1471
        1844
        1859
        1873
        1862
        2370
        2452
        3304
        2316
        3448
        3373
        4019
        3906
        4105
        3172
        3515
        3644
        3975
        3929
        4472
        4064
        4962
        5005
        2968
        3572
        4289
        4349
        4609
        4601
        4637
        3475
        4021
        4316
        3967
        4006
        4597
        5327
        5435
        4585
        5237
        4564
        4906
        4947
        5368
        5503
        5511
        5736
        5821
        5886
        5933
        5514
        5569
        5462
        5583
        6588
        6671
        6713
        6769
        5862
        6066
        6303
        6239
        6591
        5922
        5308
        5310
        5590
        4781
        4862
        5540
        5499
        5526
         850
         937
        1471
        1844
        1859
        1873
        1862
        2370
        2452
        3304
        2316
        3448
        3373
        4019
        3906
        4105
        3172
        3515
        3644
        3975
        3929
        4472
        4064
        4962
        5005
        2968
        3572
        4289
        4349
        4609
        4601
        4637
        3475
        4021
        4316
        3967
        4006
        4597
        5327
        5435
        4585
        5237
        4564
        4906
        4947
        5368
        5503
        5511
        5736
        5821
        5886
        5933
        5514
        5569
        5462
        5583
        6258
        6588
        6671
        6713
        6769
        5862
        6066
        6303
        6239
        6591
        5922
        5308
        5310
        5590
        4781
        4862
        5540
        5499
        5526
        6170
        6341
        6936
        6336
        6446
        6575
        7062
        7104
        7588
        7344
        7608
        7796
         850
         937
        1471
        1844
        1859
        1873
        1862
        2370
        2452
        3304
        2316
        3448
        3373
        4019
        3906
        4105
        3172
        3515
        3644
        3975
        3929
        4472
        4064
        4962
        5005
        2968
        3572
        4289
        4349
        4609
        4601
        4637
        3475
        4021
        4316
        3967
        4006
        4597
        5327
        5435
        4585
        5237
        4564
        4906
        4947
        5368
        5503
        5511
        5736
        5821
        5886
        5933
        5514
        5569
        5462
        5583
        6258
        6358
        6588
        6671
        6713
        6769
        5862
        6066
        6303
        6239
        6591
        5922
        5308
        5310
        5590
        6715
        6771
        4781
        4862
        5540
        5499
        5526
        5950
        6170
        6341
        6936
        6336
        6446
        6575
        6628
        7062
        7104
        7588
        7344
        7608
        7796
        2371
        3252
        3837
        4104
        3692
        3907
        3852
        4242
        4671
        4022
        4329
        5570
        6063
        5469
        4854
        4919
        5021
        6171
        6636
        6810
        7489
        7374
        6515
        6654
        6448
        7739
        5779
        5871
        6839
        7941
        7686
        8073
        8714
        7787
        8739
        7985
        8300
        6004
        6059
        6608
        6879
        6989
        7549
        6743
        7613
        7884
        9000
        9210
        8663
        9387
        8819
        7343
        7349
        8314
        8144
        8159
        9269
        9622
       10058
        9226
        9480
        9633
       10555
        8759
        9301
        9439
       10031
       10471
        9909
        9150
        9168
       10548
       10794
        8903
       10831
       11266
       11537
       11370
       11631
       10328
       11375
       11041
       11875
       11931
       12061
       11108
       11284
       12167
       11308
       11952
       11968
       12017
       11900
       12278
       11889
       12343
       12427
       12653
       12963
       12267
       11933
       13011
       12507
       12553
       12562
       13741
       13815
       12715
       13581
       12115
       12535
       12420
       13394
       14151
       14383
       14555
       14940
       12253
       13232
       14034
       12452
       13120
       14484
       14656
       15484
       14435
       15989
       15710
       15722
       14195
       14592
       14689
       14715
       14949
       15441
       16150
       16236
       13167
       13792
       15510
       15563
       15707
       15886
       16849
       16989
       15537
       15749
       16447
       14889
       16975
       17760
       17134
       17603
       17645
       17894
       17292
       15654
       14464
       14747
       16008
       17219
       17941
       17577
       17628
       17783
       17901
       18053
       19285
       18798
       19518
       19521
       19105
       18325
       18553
       19217
       20058
       20258
       18575
       18157
       18963
       19367
       20277
       18976
       19078
       19326
       19945
       17728
       17870
       18190
       19021
       19161
       19331
       18758
       18881
       19041
       19297
       18916
       19243
       19565
       19681
       19722
       20156
       19361
       19631
       20482
       20538
       19933
       19964
       19114
       19471
       19533
       19727
       19807
       19856
       20602
       19717
       20668
       21702
       21031
       21193
       21766
       21860
       21483
       21456
       21494
       21977
       19879
       20543
       20569
       20781
       21053
       19175
       21214
       21927
       22647
       19849
       19889
       20640
       22774
       21622
       20060
       22590
       22933
       22981
       20950
       24268
       22726
       22730
       23879
       22983
       23577
       23644
       23751
       24054
       24133
       22667
       23096
       22056
       23962
       21173
       21676
       23833
       23798
       23832
       23145
       23120
       23785
       24113
       24505
       23453
       23822
       24990
       23419
       23843
       23753
       22853
       22960
       23157
       23553
       24066
       24518
       24755
       24788
       24561
       25063
       22491
       22656
       25886
       22697
       22870
       24498
       24914
       25611
       25797
       24909
       25685
       25620
       25711
       23469
       24109
       24275
       24863
       24697
       25163
       25156
       25344
       26176
       25471
       26875
       26967
       26989
       25490
       27133
       26751
       24610
       25716
       26069
       27452
       27573
       24117
       25110
       25911
       26204
       26437
       26960
       27268
       27309
       27838
       26766
       27287
       27580
       28170
       28328
       27850
       28027
       27787
       27681
       28052
       27853
       27943
       28733
       26529
       27190
       27218
       27974
       28539
       28603
       28807
       28405
       29111
       29152
       28297
       29435
       28749
       28801
       28980
       29070
       28937
       29221
       29841
       30324
       29229
       29393
       28072
       28836
       30179
       30197
       27023
       28679
       29326
       30513
       28277
       29722
       30787
       30777
       30896
       30163
       29808
       31288
       29879
       30007
       30058
       30566
       30815
       30863
       31334
       30134
       30393
       30911
       32057
        4047
       17003
       17704
        2156
        3253
        3908
        4244
        4048
        4920
        6975
        7687
        8715
        9002
        9227
        7085
        7424
        8280
        8400
        8627
        8418
        9175
        9270
       10556
       10549
        2156
        3253
        3908
        4244
        4048
        4920
        5961
        6975
        7687
        7827
        8715
        7774
        9002
        9227
        7085
        7424
        8280
        8400
        8527
        8627
        8418
        9175
        9270
       10556
       10549
       10341
       10649
       10863
       11378
       11574
       12168
       13533
       12116
       13233
       12453
       15717
       15975
       14716
       15564
       15512
       15538
       15750
       16859
       18762
       18287
       18629
       18993
       19328
       17873
       19298
       19786
       20157
       20539
       19728
       18096
       18160
       21703
       21054
       23097
       22992
       23146
       23787
       25621
       24276
       25345
       26968
       26300
       27134
       27581
       28212
       26530
       27191
       28406
       29071
       29230
       30180
       29956
        2156
        3253
        3908
        4244
        4048
        4920
        5961
        6975
        7687
        7827
        8715
        7774
        9002
        9227
        7085
        7424
        8280
        8400
        8527
        8627
        8418
        9175
        9270
       10556
       10549
       10341
       10649
       10863
       11378
       11574
       12168
       13533
       11395
       12116
       13233
       12453
       15717
       15975
       14716
       15564
       15512
       14420
       15538
       15750
       16859
       18762
       18287
       18629
       18993
       19328
       17873
       19298
       19786
       20157
       20539
       19728
       18096
       18160
       21703
       21054
       23097
       22992
       23146
       23787
       25621
       24276
       25345
       26968
       26300
       27134
       27581
       28212
       26530
       27191
       28406
       29071
       29230
       30180
       29956