352
564
1004
682
188
62
1409
373
31
732
295
128
1698
1315
1757
1571
1024
2951
2735
2557
3720
3054
2891
2945
2955
3848
4573
4991
4893
3519
4125
4315
4208
4212
4150
5199
5033
4332
4098
4785
6295
6079
6330
6530
6814
5896
7547
5608
5357
5272
6824
5896
6292
6584
6760
7761
8273
7956
7955
8149
8993
9093
9232
8502
9494
9535
9057
8990
10381
10843
10435
11633
12261
11839
11747
11348
11531
11557
11332
11957
11869
12117
11950
4393
4694
5292
7139
7773
10437
6056
8460
1886
1276
613
2457
4393
4914
5898
9763
7686
4694
3740
3460
4192
5453
5891
4324